function [cmap] = NIH2()
% colormap: National Institute of Health (NIH)
% hardcoded 256 levels :(
% great contrast throughout though
% -- edited: first 5 levels black, last level red
cmap = ...
[           0            0            0
     0.022222            0     0.044445
     0.044444            0     0.088889
     0.066666            0      0.13333
     0.088888            0      0.17778
      0.11111            0      0.22222
      0.13333            0      0.26667
      0.15555            0      0.31111
      0.17778            0      0.35556
          0.2            0          0.4
      0.22222            0      0.44445
      0.24444            0      0.48889
      0.26666            0      0.53334
      0.28889            0      0.57778
      0.31111            0      0.62223
      0.33333            0      0.66667
       0.3098            0      0.64314
       0.2902            0      0.62353
      0.27059            0      0.60392
      0.24706            0      0.58039
      0.22745            0      0.56078
      0.20784            0      0.54118
      0.18431            0      0.51765
      0.16471            0      0.49804
       0.1451            0      0.47843
      0.12157            0       0.4549
      0.10196            0      0.43529
     0.082353            0      0.41569
     0.058824            0      0.39216
     0.039216            0      0.37255
     0.019608            0      0.35294
            0            0      0.33333
            0            0      0.35294
            0            0      0.37255
            0            0      0.39216
            0            0      0.41569
            0            0      0.43529
            0            0       0.4549
            0            0      0.47843
            0            0      0.49804
            0            0      0.51765
            0            0      0.54118
            0            0      0.56078
            0            0      0.58039
            0            0      0.60392
            0            0      0.62353
            0            0      0.64314
            0            0      0.66667
            0            0      0.68627
            0            0      0.70588
            0            0      0.72549
            0            0      0.74902
            0            0      0.76863
            0            0      0.78824
            0            0      0.81176
            0            0      0.83137
            0            0      0.85098
            0            0      0.87451
            0            0      0.89412
            0            0      0.91373
            0            0      0.93725
            0            0      0.95686
            0            0      0.97647
            0            0            1
            0     0.019608            1
            0     0.039216            1
            0     0.058824            1
            0     0.082353            1
            0      0.10196            1
            0      0.12157            1
            0       0.1451            1
            0      0.16471            1
            0      0.18431            1
            0      0.20784            1
            0      0.22745            1
            0      0.24706            1
            0      0.27059            1
            0       0.2902            1
            0       0.3098            1
            0      0.33333            1
            0      0.35294      0.97647
            0      0.37255      0.95686
            0      0.39216      0.93725
            0      0.41569      0.91373
            0      0.43529      0.89412
            0       0.4549      0.87451
            0      0.47843      0.85098
            0      0.49804      0.83137
            0      0.51765      0.81176
            0      0.54118      0.78824
            0      0.56078      0.76863
            0      0.58039      0.74902
            0      0.60392      0.72549
            0      0.62353      0.70588
            0      0.64314      0.68627
            0      0.66667      0.66667
            0      0.68627      0.66667
            0      0.70588      0.66667
            0      0.72549      0.66667
            0      0.74902      0.66667
            0      0.76863      0.66667
            0      0.78824      0.66667
            0      0.81176      0.66667
            0      0.83137      0.66667
            0      0.85098      0.66667
            0      0.87451      0.66667
            0      0.89412      0.66667
            0      0.91373      0.66667
            0      0.93725      0.66667
            0      0.95686      0.66667
            0      0.97647      0.66667
            0            1      0.66667
            0            1      0.62353
            0            1      0.58039
            0            1      0.54118
            0            1      0.49804
            0            1       0.4549
            0            1      0.41569
            0            1      0.37255
            0            1      0.33333
            0            1       0.2902
            0            1      0.24706
            0            1      0.20784
            0            1      0.16471
            0            1      0.12157
            0            1     0.082353
            0            1     0.039216
            0            1            0
     0.019608            1     0.019608
     0.039216            1     0.039216
     0.058824            1     0.058824
     0.082353            1     0.082353
      0.10196            1      0.10196
      0.12157            1      0.12157
       0.1451            1       0.1451
      0.16471            1      0.16471
      0.18431            1      0.18431
      0.20784            1      0.20784
      0.22745            1      0.22745
      0.24706            1      0.24706
      0.27059            1      0.27059
       0.2902            1       0.2902
       0.3098            1       0.3098
      0.33333            1      0.33333
      0.37255            1       0.3098
      0.41569            1       0.2902
       0.4549            1      0.27059
      0.49804            1      0.24706
      0.54118            1      0.22745
      0.58039            1      0.20784
      0.62353            1      0.18431
      0.66667            1      0.16471
      0.70588            1       0.1451
      0.74902            1      0.12157
      0.78824            1      0.10196
      0.83137            1     0.082353
      0.87451            1     0.058824
      0.91373            1     0.039216
      0.95686            1     0.019608
            1            1            0
            1      0.97647            0
            1      0.95686            0
            1      0.93725            0
            1      0.91373            0
            1      0.89412            0
            1      0.87451            0
            1      0.85098            0
            1      0.83137            0
            1      0.81176            0
            1      0.78824            0
            1      0.76863            0
            1      0.74902            0
            1      0.72549            0
            1      0.70588            0
            1      0.68627            0
            1      0.66667            0
            1      0.64314            0
            1      0.62353            0
            1      0.60392            0
            1      0.58039            0
            1      0.56078            0
            1      0.54118            0
            1      0.51765            0
            1      0.49804            0
            1      0.47843            0
            1       0.4549            0
            1      0.43529            0
            1      0.41569            0
            1      0.39216            0
            1      0.37255            0
            1      0.35294            0
            1      0.33333            0
            1      0.31765            0
            1      0.30588            0
            1      0.29412            0
